      3074	         2	        81
      7437	        96	        96
     11518	        98	        98
     12148	        83	         2
     12411	        81	         3
     16278	        82	         1
     16796	        83	         2
     17562	        83	         1
     18115	         0	        83
     18245	         2	        81
     25365	        99	        99
     27416	         1	        83
     28145	         2	        80
     28596	        96	        96
     29038	        97	        97
     34296	         0	        82
     34569	        80	         3
     35019	        96	        96
     36285	        97	        97
     39496	         3	        80
     42020	        81	         3
     42247	        82	         3
     45200	         0	        83
     45291	         0	        82
     45345	        98	        98
     48792	        83	         0
     51679	        82	         0
     53556	         3	        80
     54274	        81	         0
     55908	        99	        99
     56307	         3	        82
     58495	        81	         0
     58905	        82	         1
     59041	        97	        97
     59691	         3	        82
     59701	         3	        81
     60121	         0	        82
     60528	        99	        99
     61313	        99	        99
     62001	         0	        82
     62824	        81	         3
     64740	        81	         3
     64845	        97	        97
     65632	        81	         0
     66614	         1	        83
     66654	        83	         2
     68183	        82	         0
     69440	         0	        81
     71191	        82	         1
     71710	        81	         2
     72095	         0	        81
     73518	        80	         1
     74378	        80	         1
     75931	         3	        81
     76034	        82	         3
     79740	        80	         3
     80199	        83	         2
     80245	         0	        83
     80467	        99	        99
     80516	         0	        82
     80798	         1	        83
     81506	        98	        98
     82460	        98	        98
     82726	         1	        80
     83315	         3	        82
     83465	        80	         3
     83719	        99	        99
     83790	        96	        96
     85849	        80	         2
     86397	        82	         3
     86749	         1	        80
     90737	        81	         2
     90938	         2	        81
     91735	         0	        81
     94051	        98	        98
     94452	        98	        98
     96212	        82	         3
     97339	        81	         0
     98979	        97	        97
     99052	        98	        98
     99356	         1	        80
    100585	         1	        80
    101356	         3	        80
    102400	        99	        99
    103089	        99	        99
    104133	         2	        80
    104445	         0	        83
    105559	        97	        97
    108328	        97	        97
    109074	        97	        97
    109206	        83	         2
    110387	        83	         2
    112070	        98	        98
    112678	         3	        80
    113529	        98	        98
    113630	         3	        80
    115091	        99	        99
    115472	        83	         1
    116562	        98	        98
    119198	        96	        96
    124814	        99	        99
    125111	        81	         2
    132723	        97	        97
    135092	         0	        83
    135380	         3	        80
    136742	        81	         0
    137388	        97	        97
    138926	        81	         0
    140007	         2	        80
    140089	         1	        83
    141488	         3	        80
    145731	        97	        97
    146104	        83	         0
    147399	         3	        82
    148196	         1	        83
    148409	        83	         0
    149660	        81	         2
    153783	        98	        98
    153860	         2	        81
    156144	        80	         2
    157388	        81	         2
    157967	         0	        81
    158385	        82	         0
    160384	         2	        80
    160805	        96	        96
    161283	        99	        99
    161656	        99	        99
    162062	         0	        81
    162345	         2	        83
    163123	        99	        99
    163479	        80	         1
    164894	        98	        98
    166231	         0	        83
    166742	         3	        81
    166895	        98	        98
    169748	         2	        80
    170521	         1	        83
    171160	         0	        81
    171231	        80	         3
    172729	        82	         3
    172775	         3	        82
    172898	         3	        81
    175319	        98	        98
    178454	        97	        97
    179024	         3	        82
    180547	         0	        81
    182604	        80	         3
    183726	        81	         0
    187295	        97	        97
    187781	        81	         3
    188843	         1	        80
    189072	         1	        82
    191286	         1	        83
    192233	        80	         2
    193390	        99	        99
    193443	         2	        81
    195934	        82	         1
    197540	        81	         3
    197980	        81	         2
    198074	        96	        96
    198185	        80	         1
    199482	        97	        97
    199751	        96	        96
    200322	         3	        80
    202000	         0	        83
    203145	        82	         1
    203573	        99	        99
    203934	        83	         2
    204482	        97	        97
    206935	         0	        81
    207382	        82	         3
    208042	        81	         2
    209410	         2	        81
    209950	         3	        81
    210607	         1	        80
    212096	         3	        81
    212140	        97	        97
    216677	         0	        83
    220124	         3	        82
    220603	        97	        97
    221095	        83	         2
    221321	         3	        82
    221858	        80	         2
    225860	         2	        80
    227616	        99	        99
    228454	        81	         0
    230844	        80	         1
    233225	         3	        82
    234592	         2	        81
    234807	         1	        82
    235723	        82	         3
    236269	        96	        96
    237719	        97	        97
    238281	         3	        80
    238349	        98	        98
    240316	        96	        96
    240437	        98	        98
    241957	         3	        81
    244528	        80	         1
    244933	         1	        82
    247395	        98	        98
    248399	        98	        98
    249862	        81	         2
    250277	         2	        80
    255379	         0	        81
    255633	         3	        82
    255705	        97	        97
    257055	        96	        96
    257498	        97	        97
    260319	        81	         0
    262164	        80	         1
    262770	        97	        97
    263265	        97	        97
    263437	         2	        80
    263661	         3	        82
    264113	        97	        97
    264392	        96	        96
    266039	         3	        80
    268071	         2	        80
    268847	        82	         3
    270047	        97	        97
    272565	        99	        99
    272811	        97	        97
    275656	        82	         1
    275891	         0	        82
    276259	         2	        83
    277689	        97	        97
    277712	        97	        97
    279068	        83	         2
    282897	        82	         1
    284619	         0	        83
    286849	        98	        98
    288422	        97	        97
    288516	        97	        97
    290390	         0	        82
    294304	        98	        98
    294459	        82	         3
    296464	        80	         2
    297697	         1	        83
    299101	        99	        99
    299144	        96	        96
    300408	        81	         2
    301071	        98	        98
    302030	        99	        99
    303259	         3	        80
    304010	        81	         3
    304137	         0	        81
    304173	        81	         0
    304846	         1	        80
    305601	        81	         2
    306177	        99	        99
    307094	        82	         0
    312961	        81	         3
    313714	         1	        80
    315378	        83	         0
    316341	         0	        81
    317138	         1	        80
    317232	         3	        82
    317685	         3	        80
    318403	         0	        83
    319624	        98	        98
    320604	         2	        81
    321357	        80	         3
    323391	        81	         3
    325666	        96	        96
    326699	        98	        98
    327779	        81	         3
    328945	        83	         1
    329463	        83	         1
    331821	        98	        98
    332813	        98	        98
    333863	        82	         3
    335665	         2	        80
    336103	        82	         0
    337923	        80	         1
    338120	         0	        81
    338773	        96	        96
    338827	        83	         0
    340216	        80	         2
    340784	        83	         2
    342594	         3	        80
    343452	        83	         0
    345497	        97	        97
    348140	         2	        83
    348342	        80	         2
    349823	        99	        99
    349927	         3	        80
    351788	         0	        81
    354272	         2	        80
    354374	        96	        96
    357273	         1	        83
    358103	         3	        82
    360401	         3	        81
    361316	        98	        98
    361344	        98	        98
    361362	        97	        97
    361670	        81	         3
    361705	        96	        96
    363478	         1	        83
    363963	         3	        81
    366865	         2	        80
    366932	         3	        81
    369852	        83	         2
    370076	        97	        97
    371011	        97	        97
    373284	        99	        99
    375502	         2	        83
    377695	         1	        80
    377898	         1	        83
    378698	        98	        98
    379189	        83	         1
    379950	         0	        83
    380690	        80	         2
    381420	        82	         0
    384056	         2	        81
    388257	        98	        98
    391514	        80	         3
    392425	        97	        97
    394007	        96	        96
    394119	        98	        98
    396145	        96	        96
    398610	         0	        83
    399214	         3	        80
    399337	        82	         1
    400051	        82	         0
    400931	        96	        96
    401433	        99	        99
    402023	        96	        96
    402054	        80	         2
    402231	         1	        82
    405515	        81	         2
    405580	         2	        80
    407014	        96	        96
    411072	        83	         1
    412989	        98	        98
    413168	        96	        96
    414812	         0	        82
    416777	        81	         3
    418882	        80	         2
    420364	         2	        83
    420959	         1	        80
    421990	        80	         3
    422004	        96	        96
    425908	        99	        99
    426153	        97	        97
    428378	         0	        83
    429957	        82	         1
    430205	        82	         0
    431825	        83	         0
    433516	        81	         3
    434275	        83	         2
    436360	        80	         1
    436821	         1	        80
    436946	        81	         0
    438921	        80	         1
    439439	         0	        83
    442922	         1	        82
    446444	         1	        80
    447363	        81	         2
    447865	        82	         0
    448198	        96	        96
    448799	        82	         3
    448824	        81	         3
    451269	         3	        81
    452150	        96	        96
    455008	         3	        82
    455628	        98	        98
    457966	         0	        81
    459950	        97	        97
    461042	         0	        81
    461553	        83	         1
    461669	        98	        98
    461826	        83	         1
    461951	         0	        82
    462922	        81	         2
    463049	        81	         3
    463562	        98	        98
    464799	         3	        80
    466672	         0	        83
    467044	         2	        80
    469788	         0	        83
    470208	         0	        83
    471236	         0	        83
    472391	         0	        83
    473000	        83	         2
    473786	        96	        96
    474278	        80	         1
    476282	        82	         1
    476488	        83	         1
    476967	         1	        80
    477971	        96	        96
    480472	         0	        83
    480678	        81	         0
    481042	        96	        96
    481494	        99	        99
    486794	        81	         2
    486805	        97	        97
    489791	         0	        81
    489798	         0	        82
    489817	        81	         3
    492417	         3	        80
    494764	        80	         3
    498498	        80	         2
    499192	        80	         2
    500181	        99	        99
    501554	        80	         1
    503652	        96	        96
    505190	        82	         1
    507388	        82	         3
    508999	        98	        98
    512036	        99	        99
    512260	        97	        97
    512385	         2	        81
    512916	         3	        80
    517236	        80	         1
    518136	         1	        82
    518276	        82	         3
    518715	        82	         3
    519419	        83	         0
    519673	         2	        80
    520480	        97	        97
    521351	        83	         2
    521922	        83	         1
    523540	         0	        81
    524698	        83	         2
    524779	        98	        98
    524841	        83	         0
    524867	         2	        80
    525492	        80	         3
    526192	         1	        80
    526590	        82	         1
    527314	         0	        81
    527931	        82	         1
    528774	        83	         1
    529575	        81	         2
    530113	         0	        82
    531448	         3	        80
    531746	        96	        96
    532328	         2	        81
    536053	         1	        80
    536687	        97	        97
    537592	         2	        81
    542366	        99	        99
    542569	         3	        82
    543468	        97	        97
    546456	         0	        83
    546766	         3	        82
    548880	        80	         3
    549627	         3	        81
    549905	        96	        96
    550740	         3	        80
    552964	        82	         1
    553425	        99	        99
    554760	        83	         2
    554908	        81	         2
    555014	        97	        97
    555683	         0	        81
    557140	        81	         2
    557688	         0	        82
    558458	         3	        82
    560250	         0	        82
    562183	        81	         3
    563534	        80	         3
    564754	         3	        81
    565242	         0	        81
    565687	        82	         0
    565912	        81	         0
    566109	        82	         0
    566706	        82	         1
    568012	        96	        96
    577760	         1	        82
    578136	         3	        82
    578219	        80	         1
    579948	        82	         1
    580318	        98	        98
    581009	        82	         0
    582221	        83	         2
    583071	         1	        82
    584776	        97	        97
    585730	        80	         3
    586299	        83	         0
    589224	        97	        97
    590668	         0	        82
    591010	         0	        82
    591128	         2	        80
    591527	         2	        83
    592899	        82	         0
    593931	         3	        81
    594407	        81	         0
    594912	        97	        97
    595214	        82	         0
    596816	        98	        98
    597022	        83	         1
    597263	        99	        99
    597703	         1	        80
    598629	        83	         1
    599077	         1	        80
    601126	         0	        83
    603109	        98	        98
    603226	        82	         3
    603504	        80	         3
    606059	         3	        80
    607083	        99	        99
    607368	         1	        82
    608316	        97	        97
    610484	        80	         3
    610955	        80	         2
    613040	         1	        82
    618233	        98	        98
    618348	        81	         2
    618643	        82	         1
    620908	         3	        82
    623093	         1	        83
    623569	        99	        99
    623896	        81	         0
    625166	         1	        80
    625732	        98	        98
    626371	         1	        83
    628159	         0	        83
    631821	         3	        80
    632980	        99	        99
    635217	        80	         3
    636266	        83	         0
    636553	        97	        97
    639344	        81	         2
    639793	         0	        83
    639795	         3	        80
    639829	        81	         2
    640848	         1	        82
    643093	         2	        83
    643937	        83	         0
    644131	         2	        81
    645421	         1	        82
    647340	        82	         3
    648378	        83	         1
    651780	        99	        99
    652008	        99	        99
    655102	         2	        81
    655165	         0	        81
    656787	         2	        80
    656866	        96	        96
    656999	        81	         3
    657853	        96	        96
    658281	        81	         3
    658373	         3	        82
    661415	        81	         0
    662229	        97	        97
    664091	        99	        99
    665591	        82	         0
    665811	         2	        83
    666744	        81	         3
    667379	        80	         3
    669011	        82	         1
    670978	        80	         3
    671025	        97	        97
    672995	         3	        80
    673419	        82	         1
    673574	        96	        96
    675280	        81	         0
    676118	        81	         0
    677012	        96	        96
    678979	        80	         2
    680888	         1	        82
    681020	        83	         1
    682139	        80	         1
    682720	         1	        83
    683295	         1	        82
    683440	         1	        80
    684386	         2	        83
    685341	         2	        80
    686437	        97	        97
    687180	        80	         3
    688152	        97	        97
    692002	         2	        81
    692472	        96	        96
    697086	        97	        97
    697235	        97	        97
    697869	         2	        81
    699133	        96	        96
    701922	        83	         2
    703387	         1	        82
    706160	        96	        96
    707615	        99	        99
    707713	        82	         1
    709696	        81	         2
    712492	         1	        80
    714187	        96	        96
    714722	        81	         3
    716460	        81	         0
    716809	         2	        83
    718256	         2	        80
    719009	        96	        96
    719493	         0	        82
    720700	         0	        81
    722075	        99	        99
    726867	        83	         2
    727669	         1	        83
    728829	        82	         0
    729152	        99	        99
    730430	        98	        98
    731891	        81	         0
    732786	        80	         2
    733745	         1	        80
    738734	        96	        96
    740440	         2	        80
    741369	        83	         1
    744601	         3	        81
    745690	         3	        80
    746069	        82	         3
    746434	        97	        97
    748063	         1	        83
    748219	        83	         1
    750468	        99	        99
    752339	        99	        99
    752795	        96	        96
    753580	         1	        83
    753850	         0	        82
    759463	        81	         3
    760363	         2	        80
    760911	        97	        97
    762495	        81	         2
    762878	        80	         3
    763831	        99	        99
    763909	        80	         2
    764357	        97	        97
    765472	         3	        80
    766911	        98	        98
    767233	        82	         1
    770641	        80	         2
    771733	        98	        98
    772275	        80	         1
    772728	         3	        82
    775851	         2	        83
    778926	        98	        98
    779316	        80	         2
    779489	         3	        80
    779949	        82	         1
    780100	        96	        96
    783296	        80	         3
    783829	        96	        96
    784125	        98	        98
    784184	        96	        96
    784791	         3	        80
    785593	        97	        97
    787167	        80	         1
    790433	        99	        99
    790983	        99	        99
    791747	         3	        80
    795617	        99	        99
    795637	         2	        81
    796830	        99	        99
    797102	        83	         0
    799181	        96	        96
    799593	        82	         1
    799698	        83	         2
    800689	        98	        98
    802496	        97	        97
    802512	        98	        98
    802551	         0	        81
    803160	        97	        97
    803821	        96	        96
    805089	        97	        97
    805333	        96	        96
    808047	        81	         2
    809556	        83	         2
    813799	        99	        99
    817011	        80	         1
    818100	        96	        96
    818484	        96	        96
    819041	         1	        83
    819851	        81	         2
    820595	        96	        96
    822630	         1	        80
    823889	        82	         1
    823932	        83	         1
    824235	        83	         2
    827785	        81	         3
    827945	        81	         0
    828630	        80	         1
    829640	        99	        99
    831334	        81	         2
    831383	        98	        98
    835454	         2	        83
    835647	         3	        81
    836778	         0	        82
    839075	        99	        99
    842699	        99	        99
    843618	         1	        82
    846581	        96	        96
    849934	        83	         2
    849955	         1	        82
    851263	         2	        80
    851719	         3	        82
    852289	         2	        83
    852496	        83	         2
    852756	        82	         1
    854179	        80	         2
    855591	         3	        82
    859152	         2	        80
    860174	        99	        99
    860942	        96	        96
    861508	        98	        98
    861819	        83	         2
    862105	        97	        97
    862490	         2	        81
    863459	        80	         3
    864293	        99	        99
    866030	        83	         1
    867161	         1	        82
    870120	        82	         0
    871109	         3	        80
    871459	        98	        98
    872141	         3	        81
    872142	        98	        98
    875319	        98	        98
    876682	         1	        82
    877145	         0	        83
    877731	         3	        80
    880736	        99	        99
    881521	         1	        80
    882085	         2	        80
    882204	        81	         3
    882633	         3	        82
    882637	        98	        98
    882804	        98	        98
    883116	         1	        80
    885476	        98	        98
    887546	        82	         1
    887547	        96	        96
    887834	        80	         3
    889667	        81	         2
    891690	        83	         1
    891783	        80	         2
    892063	         0	        82
    892071	         3	        81
    892128	        96	        96
    894882	        97	        97
    896490	         3	        82
    898595	        98	        98
    898887	         1	        83
    899029	        83	         2
    899402	         1	        83
    900195	        81	         3
    900428	        96	        96
    901768	        80	         1
    904700	        99	        99
    906193	         1	        83
    907889	        82	         1
    908806	         3	        82
    908952	        80	         2
    909142	         3	        80
    909764	        81	         2
    910510	        82	         3
    913114	        99	        99
    914944	         2	        80
    916692	         1	        83
    917123	         3	        82
    917587	        98	        98
    919929	        96	        96
    920014	         2	        81
    920710	        99	        99
    921921	        80	         2
    922707	        97	        97
    923591	        83	         1
    924899	        81	         0
    925361	        82	         3
    925630	        99	        99
    929644	        99	        99
    930855	        82	         1
    932325	         0	        82
    932378	         3	        80
    932900	         3	        80
    935783	        83	         2
    937071	        96	        96
    937260	        82	         1
    939450	        99	        99
    940590	        96	        96
    947654	        82	         0
    947696	        83	         0
    950277	         0	        82
    951116	        81	         3
    952143	        98	        98
    952654	         3	        81
    953714	        80	         2
    959385	        80	         3
    959934	         0	        83
    960643	         3	        80
    962021	        83	         0
    963501	        98	        98
    964027	        81	         2
    964650	        99	        99
    965767	        81	         3
    965984	        97	        97
    966112	         2	        81
    966413	         3	        81
    968214	        83	         1
    972508	        99	        99
    972683	        99	        99
    972996	         1	        83
    974408	        99	        99
    978700	        81	         2
    978710	         2	        83
    979633	         2	        81
    979872	        98	        98
    980842	        96	        96
    984231	         1	        83
    984690	        83	         0
    988156	         2	        83
    989783	        96	        96
    990503	        96	        96
    992364	        82	         1
    992758	        83	         2
    993759	         1	        80
    995005	        80	         3
    995821	        97	        97
    996193	        83	         1
    996626	        97	        97
    996725	        98	        98
    997698	        98	        98
    997704	        80	         1
    997970	        96	        96
    998584	         3	        81
    998678	        99	        99
    998851	        82	         3
    998853	        97	        97
   1000401	        99	        99
   1001089	        83	         0
   1002231	        96	        96
   1004363	         2	        83
   1005894	        98	        98
   1008981	         0	        83
   1011217	        80	         2
   1012520	        96	        96
   1014421	        81	         2
   1014525	        97	        97
   1015261	        96	        96
   1017978	        81	         2
   1019036	        99	        99
   1022330	         3	        81
   1022837	        97	        97
   1023055	         2	        81
   1023245	         1	        82
   1025252	         0	        81
   1028995	        83	         2
   1029582	        98	        98
   1030797	         1	        83
   1031671	        81	         0
   1032771	        99	        99
   1036718	         1	        82
   1040641	        99	        99
   1040709	        81	         2
   1044380	        98	        98
   1045787	        81	         2
   1047531	        97	        97
   1048071	         3	        81
   1048259	         1	        83
   1048906	        96	        96
   1050264	        81	         2
   1050841	         1	        80
   1052378	        80	         3
   1052995	        99	        99
   1057972	        83	         2
   1059475	         2	        80
   1062448	        80	         2
   1063738	        81	         2
   1063893	        83	         1
   1064310	        82	         1
   1064871	        82	         1
   1066173	        96	        96
   1066484	        97	        97
   1066987	        81	         3
   1067607	         3	        82
   1068488	        99	        99
   1068898	        80	         2
   1071606	         3	        80
   1071619	        97	        97
   1072538	         2	        80
   1072697	        80	         1
   1072854	         0	        83
   1076376	        82	         1
   1077969	        83	         2
   1080609	         3	        81
   1086498	         1	        82
   1087050	         2	        80
   1087507	         1	        83
   1088947	        96	        96
   1094264	        98	        98
   1094873	        99	        99
   1096563	         0	        82
   1099411	         1	        80
   1105228	        99	        99
   1105285	        99	        99
   1110775	         2	        80
   1111060	        83	         2
   1112441	        81	         3
   1116166	        99	        99
   1117676	        83	         1
   1118582	         2	        81
   1122987	         3	        81
   1124082	         1	        82
   1124204	        98	        98
   1124877	         0	        83
   1125753	        99	        99
   1126493	        99	        99
   1127472	         2	        80
   1127879	        98	        98
   1129138	        81	         2
   1129325	        80	         2
   1129879	         0	        83
   1130602	        80	         2
   1132887	        82	         0
   1133018	         2	        83
   1133452	         2	        80
   1133761	        83	         2
   1133795	        99	        99
   1133854	         1	        80
   1134681	        96	        96
   1137277	        82	         0
   1137283	         3	        81
   1140648	         3	        81
   1142096	        96	        96
   1142669	        98	        98
   1143280	        97	        97
   1144325	         0	        83
   1145457	        97	        97
   1148160	         2	        80
   1148317	        97	        97
   1149359	         1	        82
   1149792	        99	        99
   1150152	        98	        98
   1152075	        97	        97
   1152704	        82	         3
   1152752	        82	         1
   1152776	         2	        83
   1156214	        81	         2
   1156370	        99	        99
   1157502	         0	        82
   1159009	        99	        99
   1160653	        99	        99
   1162639	        81	         2
   1164427	         1	        83
   1165075	        99	        99
   1165249	         0	        83
   1166589	         0	        82
   1167626	         1	        82
   1168231	        80	         3
   1168945	         2	        80
   1170762	        98	        98
   1172552	        81	         2
   1172605	        82	         1
   1174281	        99	        99
   1175451	        99	        99
   1177036	         3	        80
   1177144	        98	        98
   1177798	         1	        83
   1178208	        83	         1
   1180755	        83	         0
   1181744	        81	         0
   1183184	        80	         3
   1186601	         0	        83
   1186762	        99	        99
   1187585	         0	        82
   1188414	        98	        98
   1188828	        98	        98
   1189638	        83	         1
   1194095	        80	         3
   1194136	         1	        80
   1195460	        80	         1
   1195628	        99	        99
   1195679	         1	        82
   1198133	        97	        97
   1199718	        96	        96
   1200240	         0	        83
   1201781	         3	        80
   1202599	        83	         1
   1203835	         1	        80
   1203940	        80	         2
   1206330	        97	        97
   1206504	        80	         2
   1207061	        98	        98
   1207346	        80	         2
   1208459	         3	        80
   1211102	        80	         1
   1212936	        83	         2
   1213349	        80	         1
   1213957	        97	        97
   1214339	        99	        99
   1215875	        96	        96
   1217786	        81	         2
   1219213	        99	        99
   1222270	         0	        81
   1222394	        98	        98
   1223673	        81	         2
   1224029	        96	        96
   1227163	        99	        99
   1228863	        83	         2
   1229937	         1	        80
   1230064	        82	         1
   1230949	         1	        80
   1231954	        97	        97
   1234047	        97	        97
   1234299	         1	        83
   1235912	         2	        83
   1236800	         1	        83
   1240801	        96	        96
   1241329	         3	        82
   1245507	        98	        98
   1249607	         3	        82
   1253712	        98	        98
   1254725	         1	        82
   1255058	         2	        80
   1255129	         1	        80
   1255390	        97	        97
   1256255	        97	        97
   1257254	         2	        81
   1260502	        81	         2
   1262686	        82	         3
   1263299	        82	         3
   1263738	         2	        83
   1265690	        82	         1
   1267531	        80	         1
   1267850	        99	        99
   1270597	         2	        83
   1271080	        97	        97
   1271313	        97	        97
   1273306	        81	         0
   1273992	        83	         2
   1275357	        83	         0
   1275413	        98	        98
   1277376	        83	         2
   1280427	        96	        96
   1283368	        96	        96
   1289596	         3	        82
   1290325	        82	         3
   1292279	        82	         3
   1296864	        82	         1
   1298732	        99	        99
   1300597	         3	        81
   1303542	        83	         0
   1303922	        97	        97
   1304510	         3	        82
   1305119	         3	        80
   1305356	        82	         1
   1308648	        96	        96
   1308931	         2	        80
   1309116	        99	        99
   1310933	         2	        81
   1313581	        99	        99
   1315266	         2	        83
   1315978	         2	        83
   1316263	         0	        81
   1317789	        80	         1
   1318732	        82	         3
   1318793	         2	        83
   1318795	         1	        80
   1319580	        81	         3
   1321183	        99	        99
   1321828	        98	        98
   1324029	        97	        97
   1326362	        96	        96
   1327548	        99	        99
   1328428	        97	        97
   1328532	         2	        81
   1332315	        83	         1
   1332379	        97	        97
   1336534	        96	        96
   1337620	        96	        96
   1338446	         1	        83
   1338497	        99	        99
   1339950	        83	         1
   1341457	        83	         0
   1343061	        82	         1
   1343419	        97	        97
   1343676	         0	        83
   1344834	        99	        99
   1348692	         1	        83
   1349775	        96	        96
   1350739	        83	         2
   1350877	         0	        83
   1353401	        98	        98
   1356387	        80	         1
   1357211	        97	        97
   1357794	        81	         0
   1357927	        80	         1
   1360696	         3	        82
   1363220	         3	        82
   1363992	        83	         2
   1364410	        83	         2
   1364869	         2	        83
   1366007	        82	         0
   1366460	         2	        81
   1371304	         0	        83
   1372433	         1	        80
   1372924	        80	         2
   1373589	        83	         0
   1374676	        81	         0
   1375853	         0	        82
   1376674	        96	        96
   1377149	        80	         1
   1380092	        98	        98
   1381693	        99	        99
   1384632	        83	         0
   1386418	         2	        81
   1387510	         0	        82
   1388826	        99	        99
   1389315	         3	        82
   1389771	         2	        83
   1390515	        83	         2
   1393399	        82	         0
   1393605	        99	        99
   1393671	        83	         2
   1394086	        97	        97
   1394371	        96	        96
   1395806	        97	        97
   1396136	        83	         2
   1396314	        80	         2
   1397162	        81	         2
   1397718	        83	         0
   1398799	        81	         3
   1399105	        96	        96
   1400013	        81	         0
   1400162	         0	        81
   1400585	         1	        82
   1400987	         1	        83
   1401815	        80	         1
   1401847	        81	         2
   1402559	        83	         2
   1402667	        80	         1
   1402981	        81	         3
   1403440	        97	        97
   1403557	         1	        80
   1404772	         0	        82
   1405354	         1	        82
   1407887	        96	        96
   1409869	         3	        82
   1410220	         2	        80
   1410506	        98	        98
   1413375	        82	         3
   1413950	        99	        99
   1414452	         1	        83
   1414924	        99	        99
   1417317	         2	        80
   1417778	         3	        81
   1420153	        97	        97
   1421768	        97	        97
   1421947	        98	        98
   1424196	         0	        81
   1424326	        80	         3
   1428912	        99	        99
   1430584	        98	        98
   1431503	         2	        83
   1431548	        80	         2
   1437150	        96	        96
   1438048	        80	         1
   1439730	        81	         2
   1439763	         0	        81
   1440520	        99	        99
   1441210	        83	         2
   1442122	         2	        81
   1442717	         1	        80
   1442868	         3	        81
   1443113	        98	        98
   1443151	         3	        80
   1443713	        81	         2
   1445113	        82	         0
   1446566	        82	         1
   1447467	        99	        99
   1447872	         2	        80
   1448269	        97	        97
   1448575	        98	        98
   1449744	        81	         3
   1449939	         1	        83
   1450723	         0	        83
   1451161	        97	        97
   1451958	         2	        80
   1455195	        81	         2
   1455691	        99	        99
   1456443	        97	        97
   1458874	         1	        83
   1459438	        98	        98
   1460554	         2	        81
   1461178	        82	         0
   1461443	         1	        80
   1461854	        97	        97
   1465845	        96	        96
   1466737	        96	        96
   1466997	        81	         2
   1467935	        81	         2
   1468322	        98	        98
   1469691	        80	         2
   1469846	         2	        80
   1471175	        96	        96
   1472887	        83	         1
   1475307	        82	         1
   1476823	        97	        97
   1479133	        97	        97
   1479205	        81	         2
   1479348	        81	         2
   1479421	         1	        80
   1480336	         3	        82
   1483110	         0	        83
   1484594	        81	         2
   1485312	        96	        96
   1486473	         1	        80
   1486921	        99	        99
   1487157	         2	        80
   1487346	         1	        83
   1487760	        80	         1
   1489434	         3	        80
   1491654	        96	        96
   1491893	        97	        97
   1493152	        81	         0
   1493843	        83	         0
   1495211	        96	        96
   1497304	         1	        82
   1501954	         2	        81
   1502648	         3	        82
   1503900	        80	         2
   1512489	        80	         2
   1515037	        82	         0
   1516252	        97	        97
   1516444	        97	        97
   1517288	        99	        99
   1517431	        81	         0
   1517621	         3	        81
   1517808	        81	         2
   1518462	        81	         2
   1518522	        99	        99
   1521010	        96	        96
   1521984	        82	         1
   1522251	        80	         2
   1523808	        98	        98
   1523893	        96	        96
   1524206	         1	        82
   1526463	        82	         3
   1526795	        82	         0
   1527493	        98	        98
   1527829	        82	         1
   1527900	        96	        96
   1528013	         2	        83
   1528707	         3	        80
   1532053	         2	        80
   1532854	        83	         2
   1533671	        81	         2
   1534719	        83	         0
   1535510	         3	        81
   1541701	        80	         1
   1543374	        80	         3
   1545145	        98	        98
   1545326	        99	        99
   1547150	         1	        83
   1547463	         1	        80
   1549323	        96	        96
   1549647	         3	        81
   1551691	        83	         1
   1553427	        82	         0
   1554040	        99	        99
   1554113	        82	         0
   1554608	        83	         2
   1554864	        96	        96
   1555054	        82	         1
   1556318	        83	         0
   1556508	         0	        82
   1557064	        96	        96
   1557071	        80	         1
   1557123	         0	        81
   1557404	         0	        83
   1557486	        83	         2
   1562923	         3	        82
   1564565	         1	        83
   1565232	        98	        98
   1565258	        99	        99
   1570117	        97	        97
   1570458	        83	         0
   1572725	        96	        96
   1573064	        96	        96
   1576004	         2	        81
   1576141	         3	        81
   1576528	        81	         0
   1577472	        97	        97
   1577746	        82	         0
   1580513	        99	        99
   1582058	        82	         0
   1583140	         0	        83
   1583264	        96	        96
   1583782	        97	        97
   1584182	         3	        82
   1587398	         3	        80
   1588566	        81	         2
   1589119	         2	        81
   1589525	         0	        83
   1590049	        82	         1
   1593956	        81	         3
   1594513	        82	         3
   1595104	         3	        82
   1597321	        83	         0
   1597368	        83	         1
   1598561	         0	        83
   1599022	        99	        99
   1599768	         0	        81
   1599912	         1	        83
   1602564	        98	        98
   1603341	         0	        81
   1603989	        82	         0
   1606108	        81	         3
   1606468	        98	        98
   1606676	         1	        83
   1608126	        81	         3
   1608225	         2	        80
   1608309	        82	         3
   1609574	        83	         2
   1609897	         3	        81
   1612925	        82	         0
   1615276	         3	        80
   1616725	         0	        83
   1616735	        80	         2
   1617513	         1	        82
   1618177	         3	        81
   1618359	        99	        99
   1619006	        82	         0
   1619307	        98	        98
   1623596	        80	         1
   1625182	         0	        81
   1625667	         3	        81
   1625947	        96	        96
   1626128	        97	        97
   1628283	         3	        82
   1629631	        83	         0
   1629942	        97	        97
   1630494	        82	         3
   1631841	         1	        82
   1632461	        99	        99
   1633201	         0	        83
   1633530	        83	         1
   1634087	        97	        97
   1634447	        83	         0
   1634574	         3	        81
   1634770	        97	        97
   1636886	        96	        96
   1638270	        96	        96
   1639001	        97	        97
   1639292	        96	        96
   1640226	        83	         0
   1640454	        96	        96
   1640646	        82	         0
   1640811	        97	        97
   1640869	         0	        82
   1641776	         3	        80
   1642323	        97	        97
   1644502	        81	         3
   1646503	        96	        96
   1647141	        97	        97
   1649640	         3	        80
   1651912	        83	         2
   1653742	         3	        82
   1655552	        97	        97
   1658876	        98	        98
   1660622	         3	        82
   1660820	         0	        82
   1662227	         1	        80
   1662996	        98	        98
   1663391	        99	        99
   1663393	         1	        80
   1665341	        83	         0
   1665537	        83	         0
   1667572	        99	        99
   1669107	        98	        98
   1670736	        83	         1
   1670761	        98	        98
   1670765	        97	        97
   1671207	        98	        98
   1673075	        96	        96
   1674284	         3	        81
   1679237	        81	         2
   1682000	         3	        80
   1683815	        81	         3
   1684256	         2	        80
   1687399	        97	        97
   1687625	        97	        97
   1688644	         1	        82
   1690819	         1	        80
   1691911	        96	        96
   1692382	        99	        99
   1693894	         1	        83
   1694427	        80	         3
   1694915	        82	         0
   1695979	        80	         3
   1697525	        80	         2
   1698330	        98	        98
   1700730	         3	        81
   1701451	        96	        96
   1701691	         2	        80
   1707726	        97	        97
   1708196	        83	         2
   1708411	        99	        99
   1708917	        80	         2
   1709015	         1	        82
   1710842	        81	         0
   1714882	        83	         2
   1716385	         0	        81
   1717141	        83	         1
   1717665	         3	        82
   1724260	         3	        80
   1724727	        97	        97
   1725125	        97	        97
   1725267	        83	         1
   1727753	        82	         3
   1728421	        81	         0
   1729524	        98	        98
   1730494	        83	         1
   1731651	        97	        97
   1732991	        80	         2
   1733064	        99	        99
   1733103	        98	        98
   1736459	        80	         2
   1737013	         2	        80
   1739338	        98	        98
   1739354	        97	        97
   1741535	        99	        99
   1742166	         2	        81
   1745836	         1	        80
   1745879	        82	         1
   1745923	        81	         2
   1746263	        82	         0
   1747027	        82	         0
   1748124	        99	        99
   1750478	        80	         1
   1756334	         3	        81
   1758567	        83	         2
   1758569	        83	         1
   1760218	         2	        80
   1760340	         2	        81
   1764219	         0	        82
   1766341	        80	         2
   1770768	        83	         1
   1771285	         1	        80
   1772430	        80	         3
   1773191	        98	        98
   1774697	         2	        80
   1775093	         1	        83
   1775184	        81	         0
   1776663	         0	        82
   1783913	         1	        80
   1784451	         3	        82
   1785430	        81	         2
   1786750	        80	         1
   1788143	         3	        82
   1789679	        83	         2
   1793379	         1	        82
   1793570	         1	        80
   1795684	        97	        97
   1797670	        83	         0
   1799805	         1	        83
   1800289	         0	        81
   1801568	        98	        98
   1801789	        97	        97
   1801994	         3	        81
   1803430	         2	        80
   1803968	        81	         0
   1804621	        83	         1
   1807012	        83	         1
   1807268	        83	         1
   1807376	        80	         1
   1807448	        99	        99
   1811225	         0	        81
   1811227	        82	         1
   1812513	         3	        81
   1812887	        83	         1
   1813781	         1	        83
   1815360	        80	         1
   1817056	        96	        96
   1819281	         1	        83
   1825761	        96	        96
   1828662	        83	         0
   1828810	        98	        98
   1829375	        99	        99
   1830217	        80	         1
   1830952	        99	        99
   1831524	         2	        80
   1832257	        96	        96
   1832632	         3	        82
   1832680	        80	         3
   1833539	        99	        99
   1833710	        81	         0
   1837015	         2	        81
   1837298	         1	        83
   1837356	        82	         3
   1837577	        80	         3
   1838619	        97	        97
   1838919	        81	         2
   1841374	         2	        80
   1843055	        96	        96
   1844768	        80	         1
   1848306	        83	         1
   1848581	         2	        80
   1848870	        98	        98
   1849068	        81	         3
   1849501	         2	        81
   1851122	         2	        83
   1853693	        99	        99
   1859465	        80	         2
   1859562	        98	        98
   1860570	        99	        99
   1862357	         0	        81
   1862848	         3	        81
   1864101	         3	        82
   1864167	        83	         0
   1866631	         2	        81
   1867240	        96	        96
   1868292	         0	        81
   1868686	        83	         1
   1871267	        81	         2
   1872092	        80	         2
   1872496	        81	         3
   1872588	        96	        96
   1880530	         0	        82
   1884007	        96	        96
   1886371	         1	        80
   1886601	         1	        83
   1887985	         3	        80
   1888405	        97	        97
   1888532	        97	        97
   1889023	        80	         1
   1898137	        83	         0
   1898160	        97	        97
   1898699	        99	        99
   1899291	        82	         1
   1901048	         2	        80
   1903990	        82	         1
   1904186	        98	        98
   1904307	         0	        83
   1905148	         3	        80
   1906749	         1	        80
   1906863	         1	        80
   1908703	         0	        81
   1909759	        80	         1
   1915797	         2	        80
   1916716	        83	         1
   1917328	        98	        98
   1917836	         1	        82
   1920812	         2	        80
   1921817	         1	        82
   1922034	         3	        82
   1922113	         0	        82
   1922496	        97	        97
   1924005	        97	        97
   1925609	        96	        96
   1927278	        83	         2
   1928287	        82	         3
   1928912	         2	        83
   1929403	        81	         0
   1930590	        83	         2
   1931912	         3	        81
   1933834	         3	        81
   1934190	        83	         1
   1935063	         3	        82
   1935912	         0	        81
   1936744	         2	        80
   1937219	         3	        81
   1937812	        99	        99
   1939670	        81	         2
   1940892	        96	        96
   1941862	        80	         2
   1945163	        81	         2
   1945451	        96	        96
   1949396	         2	        83
   1949399	        98	        98
   1952011	        97	        97
   1953414	         3	        82
   1956642	        83	         1
   1959367	        98	        98
   1962090	         2	        80
   1966392	         0	        81
   1973314	        97	        97
   1974536	         1	        80
   1974563	         0	        83
   1975749	         0	        83
   1976784	        83	         1
   1977362	        99	        99
   1979939	         2	        80
   1979965	        83	         2
   1980284	        96	        96
   1984986	        99	        99
   1985132	        97	        97
   1985716	        83	         0
   1986051	        99	        99
   1988339	        98	        98
   1990786	         3	        80
   1991066	         1	        80
   1991811	        83	         2
   1991828	         2	        83
   1991995	        81	         2
   1992750	         3	        82
   1992769	         3	        82
   1993906	         2	        80
   1995150	         2	        80
   1995203	        98	        98
   1995336	        82	         1
   1996410	         3	        82
   1999086	         1	        82
