s1 625 826113 826113 83 0
s1 625 826113 827089 98 98
s1 625 826113 830212 80 1
s1 625 826113 823226 3 80
s1 625 826113 822765 3 80
s1 625 826113 822340 97 97
s1 959 1231766 1231766 97 97
s1 959 1231766 1232877 81 0
s1 959 1231766 1234559 82 3
s1 959 1231766 1234961 98 98
s1 959 1231766 1236665 1 82
s1 959 1231766 1231082 81 2
s1 959 1231766 1227771 83 0
s1 595 788060 788060 80 2
s1 595 788060 789339 81 3
s1 595 788060 790277 99 99
s1 595 788060 791297 96 96
s1 852 1093301 1093301 83 2
s1 852 1093301 1093586 0 83
s1 852 1093301 1094603 81 0
s1 852 1093301 1097332 97 97
s1 852 1093301 1093289 83 2
s1 852 1093301 1092529 2 80
s1 852 1093301 1091345 0 83
s1 437 578609 578609 98 98
s1 437 578609 578634 0 83
s1 437 578609 580345 96 96
s1 437 578609 580744 0 83
s1 437 578609 577706 82 0
s1 437 578609 577150 81 2
s1 437 578609 575754 1 83
s1 437 578609 574499 3 82
s2 1522 1889023 1889023 80 1
s2 1522 1889023 1888532 97 97
s2 1522 1889023 1888405 97 97
s2 1522 1889023 1887985 3 80
s2 1522 1889023 1886601 1 83
s2 1522 1889023 1886371 1 80
s2 956 1180755 1180755 83 0
s2 956 1180755 1181744 81 0
s2 956 1180755 1183184 80 3
s2 956 1180755 1178208 83 1
s2 956 1180755 1177798 1 83
s2 956 1180755 1177144 98 98
s2 956 1180755 1177036 3 80
s2 572 688152 688152 97 97
s2 572 688152 692002 2 81
s2 572 688152 692472 96 96
s2 572 688152 687180 80 3
s2 572 688152 686437 97 97
s2 572 688152 685341 2 80
s2 572 688152 684386 2 83
s2 572 688152 683440 1 80
s2 572 688152 683295 1 82
s2 595 726867 726867 83 2
s2 595 726867 727669 1 83
s2 595 726867 728829 82 0
s2 595 726867 729152 99 99
s2 595 726867 730430 98 98
s2 595 726867 722075 99 99
s2 852 1045787 1045787 81 2
s2 852 1045787 1047531 97 97
s2 852 1045787 1048071 3 81
s2 852 1045787 1048259 1 83
s2 852 1045787 1048906 96 96
s2 852 1045787 1050264 81 2
s2 852 1045787 1044380 98 98
